image: maps/airport2.pgm
resolution: 0.100000
origin: [-490.000000, -360.000000, 0.000000]
negate: 0
occupied_thresh: 0.65
free_thresh: 0.196

