image: maps/tb3_house_demo_crowd.pgm
resolution: 0.100000
origin: [-7.500000, -5.000000, 0.000000]
negate: 0
occupied_thresh: 0.65
free_thresh: 0.196

